3 5
4 5
5 5
12 4
2 4
3 10
4 4
5 4
11 1
2 2
3 4
5 5
14 4
13 9
12 6
15 5
9 9
8 8 
7 1
9 9
1 8
1 5
2 7
3 9
2 6
4 7
5 7
6 9
7 10
8 14
10 4
10 9
10 10
11 8
12 4
3 5
4 5
5 5
12 4
2 4
3 10
4 4
5 4
11 1
2 2
3 4
5 5
14 4
13 9
12 6
15 5
9 9
8 8 
7 1
9 9
1 8
1 5
2 7
3 9
2 6
4 7
5 7
6 9
7 10
8 14
10 4
10 9
10 10
11 8
12 4
3 5
4 5
5 5
12 4
2 4
3 10
4 4
5 4
11 1
2 2
3 4
5 5
14 4
13 9
12 6
15 5
9 9
8 8 
7 1
9 9
1 8
1 5
2 7
3 9
2 6
4 7
5 7
6 9
7 10
8 14
10 4
10 9
10 10
11 8
12 4
3 5
4 5
5 5
12 4
2 4
3 10
4 4
5 4
11 1
2 2
3 4
5 5
14 4
13 9
12 6
15 5
9 9
8 8 
7 1
9 9
1 8
1 5
2 7
3 9
2 6
4 7
5 7
6 9
7 10
8 14
10 4
10 9
10 10
11 8
12 4
3 5
4 5
5 5
12 4
2 4
3 10
4 4
5 4
11 1
2 2
3 4
5 5
14 4
13 9
12 6
15 5
9 9
8 8 
7 1
9 9
1 8
1 5
2 7
3 9
2 6
4 7
5 7
6 9
7 10
8 14
10 4
10 9
10 10
11 8
12 4
3 5
4 5
5 5
12 4
2 4
3 10
4 4
5 4
11 1
2 2
3 4
5 5
14 4
13 9
12 6
15 5
9 9
8 8 
7 1
9 9
1 8
1 5
2 7
3 9
2 6
4 7
5 7
6 9
7 10
8 14
10 4
10 9
10 10
11 8
12 4
3 5
4 5
5 5
12 4
2 4
3 10
4 4
5 4
11 1
2 2
3 4
5 5
14 4
13 9
12 6
15 5
9 9
8 8 
7 1
9 9
1 8
1 5
2 7
3 9
2 6
4 7
5 7
6 9
7 10
8 14
10 4
10 9
10 10
11 8
12 4
3 5
4 5
5 5
12 4
2 4
3 10
4 4
5 4
11 1
2 2
3 4
5 5
14 4
13 9
12 6
15 5
9 9
8 8 
7 1
9 9
1 8
1 5
2 7
3 9
2 6
4 7
5 7
6 9
7 10
8 14
10 4
10 9
10 10
11 8
12 4
3 5
4 5
5 5
12 4
2 4
3 10
4 4
5 4
11 1
2 2
3 4
5 5
14 4
13 9
12 6
15 5
9 9
8 8 
7 1
9 9
1 8
1 5
2 7
3 9
2 6
4 7
5 7
6 9
7 10
8 14
10 4
10 9
10 10
11 8
12 4
3 5
4 5
5 5
12 4
2 4
3 10
4 4
5 4
11 1
2 2
3 4
5 5
14 4
13 9
12 6
15 5
9 9
8 8 
7 1
9 9
1 8
1 5
2 7
3 9
2 6
4 7
5 7
6 9
7 10
8 14
10 4
10 9
10 10
11 8
12 4
3 5
4 5
5 5
12 4
2 4
3 10
4 4
5 4
11 1
2 2
3 4
5 5
14 4
13 9
12 6
15 5
9 9
8 8 
7 1
9 9
1 8
1 5
2 7
3 9
2 6
4 7
5 7
6 9
7 10
8 14
10 4
10 9
10 10
11 8
12 4
3 5
4 5
5 5
12 4
2 4
3 10
4 4
5 4
11 1
2 2
3 4
5 5
14 4
13 9
12 6
15 5
9 9
8 8 
7 1
9 9
1 8
1 5
2 7
3 9
2 6
4 7
5 7
6 9
7 10
8 14
10 4
10 9
10 10
11 8
12 4
3 5
4 5
5 5
12 4
2 4
3 10
4 4
5 4
11 1
2 2
3 4
5 5
14 4
13 9
12 6
15 5
9 9
8 8 
7 1
9 9
1 8
1 5
2 7
3 9
2 6
4 7
5 7
6 9
7 10
8 14
10 4
10 9
10 10
11 8
12 4
3 5
4 5
5 5
12 4
2 4
3 10
4 4
5 4
11 1
2 2
3 4
5 5
14 4
13 9
12 6
15 5
9 9
8 8 
7 1
9 9
1 8
1 5
2 7
3 9
2 6
4 7
5 7
6 9
7 10
8 14
10 4
10 9
10 10
11 8
12 4
3 5
4 5
5 5
12 4
2 4
3 10
4 4
5 4
11 1
2 2
3 4
5 5
14 4
13 9
12 6
15 5
9 9
8 8 
7 1
9 9
1 8
1 5
2 7
3 9
2 6
4 7
5 7
6 9
7 10
8 14
10 4
10 9
10 10
11 8
12 4
3 5
4 5
5 5
12 4
2 4
3 10
4 4
5 4
11 1
2 2
3 4
5 5
14 4
13 9
12 6
15 5
9 9
8 8 
7 1
9 9
1 8
1 5
2 7
3 9
2 6
4 7
5 7
6 9
7 10
8 14
10 4
10 9
10 10
11 8
12 4
3 5
4 5
5 5
12 4
2 4
3 10
4 4
5 4
11 1
2 2
3 4
5 5
14 4
13 9
12 6
15 5
9 9
8 8 
7 1
9 9
1 8
1 5
2 7
3 9
2 6
4 7
5 7
6 9
7 10
8 14
10 4
10 9
10 10
11 8
12 4
1 6
2 6
3 6
4 6
5 6
1 5
2 5
3 5
4 5
5 5
1 4
2 4
3 4
4 4
5 4
5 1
2 2
3 4
5 4
3 4
4 5
1 6
2 6
3 6
4 6
5 6

2 5
3 5
4 5
5 5
1 4
2 4
3 4
4 4
5 4
5 1
2 2
3 4
5 4
3 4
4 5
1 6
2 6
3 6
4 6
5 6
1 5
2 5
3 5
4 5
5 5
1 4
2 4
3 4
4 4
